$ANSIBLE_VAULT;1.1;AES256
63336364613264646430613936623138306139303437323031363634326631326265376631613736
3530383165636539623564356430386530636537396638380a363139383139303163636632633931
36373939646432303864383839363131326432376564326462306564356239326231313163396630
3435643330366533320a666139306235353366353132383038613436383337623965313532363134
37313638646536363065383137613765666666343738633163636462656263646465386463323937
30623635626365386364303937666263316564663230376262623832633563313134653436663864
34653938613935626133623736353932656239376433643632313834653733353439333265353134
30626537373362333966363135646163623137336361356662636230373863396664386166633666
32656338363837303065636330346536633337353035343061343233386261363539313234393766
36373432323065326237393432333536356232373437343166373831313137346233653561623064
63666138633130316239656131643631356435363735633935333430333839623639343463623765
30343033646234636361636131663264633330663537616164333736363339613838393133653630
35396463636462353939306132303065313937396665653538366232653537616636626265373336
3033383030366364333434303337393366383664623334383039
