$ANSIBLE_VAULT;1.1;AES256
37306139393137303638653361323861313133316336363839316334333066363465396461306532
6463333430366165663561613630386163333464656334360a613264663561663537343836353435
36336435336366333431333662666634613364333638396233646133363665353964303634333338
3331363538316564640a653064616233643533373834623633386135386539303035623531366236
35336435633935656239383039316461653563396235313666313532636133363730653135383733
35333162623063663664346637393837646631336230386534333031366230666264333561323332
35376231346237626362323666646166616130363735333532396337636639393130626465383337
62623631393235303337306438613033396332373732373438313037313432383933343033623662
34386564333437393164313134343062383461336661346139633132636363376436666632313863
63613666626433376265663163386165643936643763663532393862656636633630646133636232
34343335313139616432653130386530346562633837363261666363383335653866316138346336
63663835333535636664376431633537656264303161306130386563366139646337393861623563
64333861636534376238623330616339623632363761653765323761616365336164383639363164
38626665373561333965376334373164643438393664343934643831363263643064363635313665
34383564613538303263303662663033383237333863663330323132353565393032633934646532
65393763343532313735336463356237636239383434323136366338383331613561396532663934
63383062623238623830633531303039373338656134386236396566363436336364313032333638
31353731643532383631356365353638666438663239356333326431373632646361323365383739
36643130636537306236383539323364626665623030636466323134656536363262663764383134
31306363393733613730313731316339303162626336623732643237656662643030386663383137
35316166626565353865363430313166666637303333346632363266343639643335353133366566
65393362333839623139303061323737353432376437393538623731313230313534336537316235
36653266626363316336356238373231396139343266313638386638356466316363306338303361
38386562383466346161346566306339643964623763363938636564323564316363626561373637
30326561663863306333666531616138373366633862633934303033366163616163373463323634
35396532336564356233626461353165663935393566373966626437663430363034333363633236
63383035363331636531386265313738626538623131626236623233613461353963363265376237
30373765353461616235616163646238616139626164333632333238356236313632323364303936
62376466373537616533643738663266666631653763336533656534653563386531616531373130
63323933363637343962666566313166323963386661643837383561656463636261623265303331
31373935336134356566383034353231613736383438353631323635626336666662623263613361
35623536303666643162343163636334303631643738363933613761313537336538653530343635
32396364616265323363656261636665386134363665613533343836393232613666373861626665
30383966656235373834303439316536653238363938323564633930333964303534663435316237
34336462316564613430366666303166333535326462323762396234386136363636346163316639
61383266616533643861323735343061393536326130393534373837356135333638326466353133
32623062373766663862656563316431313862363232626462343639303362643866303736366430
34376361303933383839323332613333663931636162613265383763373135613431366662653234
63396136666366653436326632656435363635326565343731643731643664326461636661313138
62333766316661306265393562623136333265343937623630396566623563613561653231383065
34616661336532636466623632643638663461303739323636666165306432666430636533633439
31363736653931383232393834396437663630646532643530306336663763313138363130356639
62663733383238323662313638326534613734636138343733353561333037303134666534653133
35623965643363376237316239396566613132313563343663373230663661633961653233313065
30633464633561663039333437646333346538633263316264666534353130313962656364346433
33663438653031383034626639363764376663393639376236616132303835613633663661613931
30346333313530623535383131613838653537623139306534383732353965363436386461376364
30373565303436383033303236336534666564303366323131346235636630366363346165323932
38386435646533313836646135633235373330636331366634353632626437316630306434346139
64383532663237653963666633623034333963643830626561313563323239313162313338663862
64633431356535306462313635623432393461353930313535333038356235363930653139303963
62353464393663313965643362323561346466346666363365366634346539306365306239613662
64646139633264333464346630613334336165613830383732666130653239343833646137313766
30363139306631333539393364373435663263363338333062396130343336313662383437356134
34336136616362323330383330636364373261666630366363323932333332653565393730346164
33376636333264313231343066613565366235386134343233316139306532336236303531303233
66636635363639386538663835636430613830653330366562303466343366623234366433366635
30343537396531633364313538386438393438323132323639666165363337326630303161363735
64306365353866623735653133623533623337336463383934376531333464316236643035623736
36333661353962306365393861316530393964346463353065663337613162616334323764653566
34633932366539633031316130306536343166356564313063383532313538323436666335373037
62653465316462306537343936323461383139646230663235353530663365356163663162623439
64396362393164623330303964373766623430323435616334613962636563303561646438373137
65313436346534343961313039616266346361353165353263643737616331313234353738376363
33393961313161353063656236373663376163313566303364353238383434323636346266663036
31363861316163333733613437303862643664393165396262376435393133616336363032376238
61663766343464323035363362643661643162666430656465613733653236356637336232326631
64613030353031333432313333663731663832336565346532623334316137383062386463376163
35626630613935333635633565666133663636613265333730363865623363653865656336343531
66396565383631313432623135326234633264343634396464643531303065613833313935613030
61333237383435323338633134353431323237386235643962383035353262666465636638313332
66353337376131636637376266343838393762366363363865383863346161393065616363636562
35333333323062386338343835636531623930303165323966386263376536323064396638626431
30346637633935323134616563616330623630303936303233396636383130303435643730326563
37373163633465633332643432333662626662643763633039306634376536663064353638323830
35303936393266396338633461656665613565653132363130383932303965343362636164323130
63633261306633323430366432666439303562633235656164373963373835306564306633653563
39633431363438656439336233353335356561393561386637613730323262626434613666313532
30356231343837313737376530646139363434643835313631373534623834626336386562336634
31306138313664373331323661393564623261393033326533373534633434333236636639633739
32663535616338636238646336616630336664613232333730363031343335613137323636356539
62343632646162626630646462613537653939656166643338333032376432333063373130366139
65366661373965313039376562636331336437373134363462303661396664326239303164323463
65376430323265636434333864373837656563313734616365643061666464633634396437323532
62353134313338353039386661643131643864653034616665336531633063393733396430653232
64383939363239336631393331386232663937323434363262363130313434363861386562373039
62663461306362313733356533643933383438613061346162343965646136666137363631336334
33643861666335386662653833663634373865643439656433303736353337646239353131663466
30363139396330643964346431363331346565656331363039336236386134656636613161376563
64386365636437383430643037633432333638373335343635623833346139666536376434613436
30306466646339333561343066356633356332303232343233363066353732333161383866306261
32326266653337323565656530393662393064623734633962643338373431656233643565316131
39396638323234663830346537653165643364633233643562393237306461326335646664316637
30323963356533313662643839623336383665643866363438646162623339623761343961393363
31653235353163356433666431646461353761373536356430303762656133346436396638366139
35383638613662666561643639633761653731643461326138616364643335313365336632363464
30636131356331376264306138316331633732346632653830303638633965356234396137333936
65316531336536333561623333313037633634313334346666646430663161613561653064323630
33633163343436643232343263643432353263633731656163636162333764636432636562643735
35366263633238313538353937646630643036333863646265363937383331373339326233343734
32346434376436636538666435373436643465316431396164376537393335353131393435326266
32353333366431636336306534636335656165643433393762653530636466336435323034666636
31623535363036353361306664653166393366393637636431393965666534643335633532366438
61346665653037373964366365356436636438646638663934363938396466623838653561663162
61386531323330343237313566396639333838353066396231643464653637393966643936616636
30346339363336373131656663383930643134613565393766383537323764656239656366366230
37346234616531316665636461656663366438306665336437356366643739613066656235323930
63393835383137636635613936316162326562633830306234616566393063363662636266363564
64333465343361613137326336633239323136663932336638396335646363623265396364653338
66623765623663386634613364393633316339313764396537323435336630396438366565633736
65396535623939386662306663636231656332353034363065396666326665366335326562623864
63383232643633303763313666313031616231363163383837643832636431393763643665373033
64383662643633633833653038363837373332636534316461333638653533636332663332356434
34303264656564633761333961383339373239306237363366643835353239383464396135306638
37393063373031356166653839653365353138653632626530626162316132396633633061663836
32333534663263623861623333613433353364663733356164643332653938376662343336306165
32323165386566626334636264623463646562303832663961353065326135313339613165303135
30663331653262333039633532613139353534323865326362353466353533653834363934666162
64363563626461666165323233653636333730613131363830333536636635323537386134363832
30373336393664646164353536363931626531346638333833366364343763633532343961333061
65303564633135306333313038613336346430376234656661393834383231313838336439373661
30323038323361656565643563363665353666633564666139663463613165626337623735303635
31303232333664643339623436613764326461353939393234343933316635353435303763396131
62333036333333613537323961303638393333336362363838613163396165323335313165343032
38383136613035616666383064643463653935633231386464393938373236373232623137333239
62306536613437666236326539326135346661376338343261336164666431353363653638393430
36633435616631303665373237383365373937313132633638626139393939666335333732653466
30636633653363303538623133303965396532633466376637396130303362313038623164306163
65636562343164373338633331353462343864346132616362393862316633633430333230656161
31323634376365376437343439366130386333336561613539613837613638623438393165376664
61326539653365336161363636313263323032616636663066623935313639343865666363313663
31613133646530306136353861663333326161663839326435383933623662373765383235643939
36336565353532323235356363343035626466383565613735356632373065643234376464373865
34393435373531653132303338623666303836313030346436373865376364343033643538653764
31353361303766343237316137663239656634333236613236646235626364303834653565376462
30643339356336303066363632646563306638303436336536343431316535343639326337363166
63393239646533643436303231386264643333396236363632303331353239633038323765363364
37623466373466303261643263616364616564306462633363333337343037633832626435646464
61366530303030373661326263366331353063356539326363303631656164343635646363626231
65353630343136356363323934303733623066393166326464323832653965326230656365393730
39356437633532393236646662313035306466626463636132353334303938303139393039343733
62336535623962363039333562333736613565343062323833336561323233626163646564646632
37323262353430616363373963333233326564336565383463653062343739626666656237373334
37653730653036653436646139386232383062386263303964373639393365323830663738613762
63326537336665396633623334393935633334313930303434323730366262633462613536613961
62313237666539623939653431316566353932326531363335383539626135313732316263396665
31313437346362363032393631646530373964646661323163313333646465336664326162376466
33633965363137333734356264323162393238353038383463383762636139653062373562653563
61333666356630336435336261373464633262303532376263363664646332386335386332393632
30353632613039383361643436366536363864323031616566626461313962303765316531616632
36366264613565333661633436663835613365396465386164613261613964363334643735393235
30346339386533383336333932393533613763383833313534643636316265306561633536333635
33323033303464643732383233383931333261376330383065363066306561393837303134326264
36303031613864313736666666636631383765393637343266393933343537376233613831396430
66303839306466356535656466316538313062303331666464663538333761636139363035613566
65663834353262333362636662666538653030663965336462323264663934613632396537363564
39376330396466616163646637393230663765303338626162633932653936656461633130353862
38326434356533656132396634376432633737376139303638336265383339653730363565376663
65613466613934313536653837306564623432386535393437323563386430366436613930393739
65303734333535653764653163656265373231366230616237646235663237326231656561316634
38643535383036643031346164633538623434363764353165666132633036356630623630323062
65316464343061653863393933623430616132613539636263663832306233333935313262623833
30333838383034333963373034626635343836366630316465653535666633343631333365316633
35356133346165366534386163333738396666613166336234373466323762636531383665326364
34623565336138363166623435366136636363326462363035313964636633373538373031306339
34633961373561353436613137633639633238663034623263356531326634613335633439383135
65656637323061633236303834333035656231323530653762323265653739336139323334633664
33653033323461346535303337646265316239666530343666303738653535373432356663373535
61326235383762653063393931336633333936636130373632386366336333636362393133633637
66643239343239353262623736613361323264393462636136353538383232326338623866636465
61346234636539663863626464323538363161383539623038373835666331393363373930653638
33356566623137663863383264323334303562636565393637666265616134623139393632333230
31613733373139346530383832333739326639376261633432303762363366353661633562303431
63666561313566393061366530653337363537356331333764636666303631326365623033633433
30353061666636393364643930626566656466353838306162386238383266653339656565383739
66363335316530386432626666626363366531373761323137646464626438383865326264363134
33393438653330656164366538303233313631653262353465323431656434633966643834613964
37306661613465303237656238633739333830636366346334316630353430363064393965353437
38663065313638366337306562653865313531333635373163663834313035376532303666336362
31656137666632643763656332626432393830373534336537373366633535356164623431336237
63623931393731386630323037343433653530303435343335623462343033613434636337373132
33373162346233623564633535346230343436336632623033333635353236303635313633623632
39313036306139356662373662653966343830663737366632323433623163353161343731303839
37646230663963373333643461353834313064303139333138646561393535313465363639393363
39616661353830303662653237383839363133343036656262313262653539646431363030653261
34386662663066616263383936306665376337653038616230363035336530666366323035373135
30663663333638383433383336616363333338336265623362623036666237623839656664396661
64663137623261636637306164393963656136333665656162626231396462653431623336643233
38656266656133316331393830363038336533353064363463323939376665313835646139323664
35386233656630623837363566313038323431666238316131323436333063303836326463303935
64323137636131393463373631333065613635326532353066333534376437326361663065383735
33396161306631663966616364393336623861616638326466363663663062616235653934306437
37363833643637343734323861303632313831616536393332333362333361643137323933363436
32633932323030653762333763613362386139336333336633323263376462323336303262333133
37626164313638353435386431373039616639663062653637323964316532336366666535646632
32653965376337643565656232626131303434363165303430313730623364393939313831616235
65376264653866623730323631363638616232313936343732643432356138373163306366666337
66363733303736346366636636323030303535656430336530363962663537636264393731353462
37393032373635663561643037306563663237306434616263393231323231336136613433653365
63303534393131313533313361626231346531326239333866653834343163356165366261353238
62663138303731633535356364613065373764623633643935363433653439306566346236386464
63396639376139303234623334373431336133343561303866316333313362326462383238373935
31663162326234646631366331353238316630656634373864643363646339346264303332633734
63313763306163316263313334393939643935376638346130363830643563653636363832633839
64613761376434353766646563383632616336353236323662396134303131383039633238363234
65396437363037373561326561643333366566383930303263333533626366613563633562353436
37396666386464313865313935636563613331353634633331646366663463306235646539623765
33653738656438363130383865323937343833656238393131363830396535393138363164613162
65616235353530363936663733333835613839633539313261623466616136323461333833623665
31323436303037313562323732313631656333656463393135356431353634363335326432373135
33366332663933373732386661666461386431396538316239616434616631303435383963613366
64643732343466346165663637646163653665613738616236383937336339373339323232366163
62656434343538313534643835343065333862383239663034336662383438653362346233373763
37613730626432303362326239313664373336643464353930643562333864613765323830666463
66396461353961636363386236313736643930306165303937393039613736613966303432323730
62386232643533633566396338383433326161643230656166343431643730303139386432376632
61386635646239323866346263316630373736366239353634313963336634356235313233333830
32643336303130633835396165383464646661633338366334623363333037393161343561373237
61386630633461316266346238303539303462303335373730653730303333633131613362333464
64313264643666636432613161343738303138343537636261373233373937363537396564316535
62666665646430633130636263626331333862373836326530353064343166313265346561626364
61336530643134326562383662356666393434623466653532323936616634356136303236313031
33343635613431623938653234633839343432623463336634366230323266653636386235363863
35376165313134386437336262323236373436313430643039616235626362356166353365353562
36356430306163326237653533633066613662386437613865303565396563316533306639666534
62656465316361396639353061353030663338653236316362626631613164376136353133376331
66623830313535663239663762396537323832336661333131663065663561613238653933323239
34623437343030376239346338306536356239386337326138623063663630393736623631653466
30626633316434393431623530626261656361613131636664326537353261316635656330636666
38623366333135366232613766636631633362366132313964623666393630373864383836666533
62633239363035663065626361376331333639356336366630323237623636643732356438623231
65383334353566663732616362656131306663363934636165396461666134303230666265303263
65336164653862346434333534383630326533616361636333623238373232373365613339366137
38383931376134386138656366393530396638323831366535656531393737616162393731363365
31356630353234336562626264656138336330343732313962666334626364653839356432333630
33333365333236613261316164353662653763373632666639656131306530326431306361316334
65616134353831303364373132316432656131396236346138303561313161333932363866633039
62643264303939653834663963393231613333326532313931636562356331366637393265633666
38643864633930336331636639326133616665653533653139333636303063323966383830396164
33656236613435333733346233313036613764393736373566313462363865633366373137306537
63316666343135633236653539343639636461386162323333663739333433386634326637653032
66633963373538663938643133616261376639316433363132396138663762363863613331373661
37393766386638386163323866336436626533346135323437363864663161373137333531356437
31646633393132306533343162623935306433383162343063636334633032656662303161313539
38356631303437333034303165653866646231613465663238346332656266386339313765323735
62613832616161663662326632393234653465346663646630306366333339363830353936383563
38303364356637393630616538326532623231623637653932363966656531356562613035323764
64653837623766366530363332316462653061366234383037663764326134373266343666396639
30656238306466306261646666316430353331396434373163303339373931613065623630323831
33346365633831656430376164356637316537336365323265613336646639646534623730333131
35646563333563323337343830343439303036363636653638353466376262393333633430363162
62353363366364303237623934396630356164386533653761323733353934636233373034626237
37326630323766613137303563376436303833656531326536613864613062386165323236633837
65316262666533383861316466303334633939346138316239653938663065326433626235386630
62336663633132306662643831313663333463393636376632343736656661326132613931666233
65363430313435336161333134616232323037303332646432653436356263626466363762653331
62633730346239636631306266306135323330333735353665653136343635396438663937626463
36656666636339633632623438643933626139623836656638326433656437366334646539633631
65373138313062383635633830646431646361303433306631373034643034376232376236623063
66656334343432373730326331323138343335623366333535393865383639373866646330633364
33386662326334383962636635666533343333356439633539643435306565616435393639626165
61383137363535383034386231666236656465393363633135646366336661396434383931616139
32626433323632343333663263313730323530393737356539323661383831333335643261386230
62633435373266353562653038623166373239643164613936396562363664653665316238636138
63626538666231626363343839383661656532623739393865373464636263383663306132626666
31303366353666663665613062653937356365663532383765393932316530343461356635373033
32636664663864393661623631316430653866383864653966353735653066303666396236623463
65623463626261643636336365633837396430306361363666383964326362343761633531653565
32626436613031316238646236663536636336643937666231396434633835613362636262396631
65316232633130636438393261656232643932643066663266663231393830666339613131353436
32666432626431336630393037313130656366646563653664303765373736346336636436373364
65303065656565333762613838393264396162323261363262656164663133346639303161663466
38383565346165366534316535323533376434646566306334646466333163353864386632616162
34633161363130616366653762393936386333303738343462663361383435643037353239663439
37373838623062306433366366636566383664306361626462306530653731663566333036613131
35623834303734363863656635336338303939386166363163643766373334346339346637376164
61616532383666346539333031326363616162366237373265343065366239393335373164396563
61323038636336356463393931653766393137346461643533303439356463333666633866343763
66383163636138643537633866366337653639663833326637376137613332656132376162616138
33623135653734303362646336363733333834623663643536373662383332656533626636323336
64653831353536316366383734323165313962313939306134636236353538666133613665393930
34643163363861373131663437373834666634616635343833653561363535383464316637323331
63626134373438326235316634346633613639636438626639633564646234333961666161653537
64343936376535623631653861313038396431636537633133306332346137613365343061343938
39356234356166656234336132613332653964363532386661353733323264343837383538323966
66366531386264323032643063613765346138636565653735353239363762336132346263613464
35666165613436666330633739383161303537346264633830656365653530613334316437316532
32643966313039386536373439383635633933653435303834346533613130396136616261383535
32653533333939666165363739623435323966653339383736373439663764633436316538313535
62383334383564333837653236396166373036313435316635396238613061326536643161663466
32346266643634393235643065383337366366366135656463633939393863653637393233343831
38326632633934643338656263313436343664343734303136643232363166623935643432613037
39663636363365663339303039306535363239643462343235386662613261353938666638336562
63636563306262376435643162643233623331306362386337356332663261623262626666393835
66383563646331623466303164316433386435616530623334616632343761616234356236303834
33386266636236356366333734316537626632366662333435366136656662376336643062323665
64653430643138663838613736326164306534623665646362626339316634336261616462316433
31636663616162636362353530613365356465393131306132356134613738363161653730363433
37386233646661386239656431616165306534383534323435646164643935323739613036356133
64633032626166366661623466633836643135643664373262373636653463303239613464663136
35643662343361656232393432666631343235373430326432646238306230313730396432353862
39326436633761303462643863623266663736343636636261663966616363306636303863323164
30363835363462613935303963363964663763336438613062383963376464346433373164656631
39386162393163666234316564643530343635663334633330343234383365636230326530656335
62306235643534366338356231353335646338633539363261303635303863363039366163336236
33363135656635356630666634656436666235316466613339343738363663613133613733373034
37333136333335383264396434646635306239353939653166323635663565643236663438626433
32353263656161383537333533653365623765633334616661323563613766653066323838383062
66353565356439343661353433346134306430663662633964306634373161656238373833303935
61383461626435353538386137326165326165666661383230363933633365316466396330656138
32633636326234623732653338336564393734623130666433653766656238303737383530613732
64626135376665346330383732326336383261303437336633643961313266616230376466333237
34303365613663633831396436623536303635303663343063353730386332366264373130353263
30663061666261636362336437353561666630613631386362616665393736646133633265646566
61646363626139306632643233336639633238663664636239613035303839393263666134393238
32313261393863356237343066653237336563333264626330613233323264613237393638616165
31356231363466313232316462316361316633343135623433333038333638656236313535663565
36643530306432333038666636653935313638613063383938616464633630353737373764343037
66633735333439646436343332393265303064356465383835343731333165343037643361316235
65626465363731316663313539356335343263383466623631623465616463623434306435366664
36376466366265343936633136653166613531303839373530646532333133323835643431386638
30353130646266613766626136313433666163303431643537336461636134653433393331373762
66343834333762653335663930623161333765393436353038646261383262363931616461336131
63366563633538393861333131383766396131313732633130396461323365343765353736343031
34363631656432393864376334313262396230623461313863326332343332326565366133353062
39613662393761306638343930353339323265623866633064366236303632363431333530326430
32313063616266393163303038633362326230393161646362356635333930383539306631653561
33333138633132323430
