$ANSIBLE_VAULT;1.1;AES256
30313930633733343936393866656133373731633164303233656430323462623430326466366261
3530663736626331316231623732653464623930366465330a643030633336353437633437333565
36356434343039316166333565353165656365643534356130323336353738366533636439373132
6535353431326635300a663037646464303330646532373263306463336231626630636330343438
31663561373432616330613330346431326238343130633633363235343463333565396531353963
66306233386339636564363365613632636434663562646665393366326538326664383139393434
32633732386262353732306165326363666262366234383339363430373061333166646264643461
34353266316432303536303936383937666561646238333065343037366664386436383863373137
35393364373835313734363165643839646535613736346561366331313839313363306566613736
36393135633239663134623663313332383632623130373965363738646639393433623062336439
63383935653036353631313736313137336634636533393938636539303432313964396161386633
66366563336663323235613336393334343033366161623837303738343635333062623436356365
64663132663033353930346132656664373564626439343533323938623935393962333132653336
38663432306464353565343862323162316662356637393037323461323163303232646361323131
37623632643961633262353230323637653561663931323166626637383061333363363961303338
31333332336363326463353063616230343035333830626237636439643732353732363836653039
64356335633964633830303537333931303131323938613734323434636563646333626236646331
30333234646530376266306431613936306630663734346666383438653735303438316464633934
38353263343661383166346431626362313231396461323332383564353231346637666666353863
35346662366431663035373162373139396137623362636135376532383637626539623130373334
36623566626639373539366139393265303663663532613637353737633766636432336232393637
37373134653765326161303532356530323138316365613933646366626562613933633366616562
35373631666161343064646561373236646637363964653962333665333138346432383833366236
64343965373466373937386362363765616635613034633534343066613037626361356639366132
38363039633239313862386264663937393939656636653730356639663733326562643266373132
38356631356332363636373139383939383336623733303639396463646366383934323530383936
37613765616638323133613533626165616166626330373762643932376266316135343231316463
61353861353364326230643761336334653461363834353464313737636430313566306535653562
34306236383066343731333930653533646665356562316230616538666439393437356438623832
38383264333632333834623364316566333264623561653961636366303364643934336135336335
61656534346331656539306434396131373437393264343131323736353138656238633363306534
39343166646331386431653832366466383630303837376231623165646336303963343735353732
63343935353231393636363635646464366364643363376138366232393735343232613733333865
35373961323763393034633534623463306334306532353238353134323330663535316232383838
37633630656133373366393761636163393939316264386437646663646530386632643632326531
31363031386436353538653761633132306332323233613665626233333963363533633738613266
61636338393330336530653132343930353064343035313164326537353236636630393535616534
31646135303539343235303030633930316636313436323036306134646664386265646331306162
39643731333838393163636632373131623535373030656138393161333534363861323165356635
31623632363361656536366633303762626630656438316265303061656336313439386163366530
34353036343963626365303039313461336339313262666361303166326263303632643537366339
65643434343761373738633466663334663264383566343635303161333765336138643831356662
35633638333334363537646231356361393831633564356633623032313336666465643365306262
36376638306239636137366233383734343839383636656262336464653931306334643037376562
32613763383336316535616533353230323335316237623533646361376234663762663366313639
39323437383237356230626435663933656137646636336231623630643832666435366634616536
36366133316637633739386463393162373137303037343438333534373635346331316464346332
64626263343632363764313166333230373164666530333731353132376162373635383636663261
64393038306135346166653238373664353661356339646562653934346664313530366631633033
35653964643261646536376435373435383564313534346233363134333932663566323830343736
61356465336231336334323236306463666636613661643233353534653931356239316136326233
36653439353930626563376436333964653031376136343066316639333266393163653239643230
32643730303466643538623230613733393930393764643031366137393230656632353438623833
31623532303135363838366433353539653063306430353632383562643233363135626332616164
33663763333462363236363336643330336562353937353662326462313038663734643231633432
61356262666164313739636438613938336130383730653064313734326363636466376334376331
34353663313761343535363939393162353030623437353537356139323666343434366236316266
33343232316435376237663731363064326133313239376163633032366139393438343238386636
62303936363762613033646664633537623465626264313639336263343030353737653763306139
33383464643166363666313261633363376266336164393963326436346465646435653033383564
62633936373966616237316231613166316530663635353665316163326364663130623034613630
30646436613132393330363765386338336234653966333038633337646239653762363433383966
38353935393733343263366237643539303430633737626464303962303732336530616335366461
31646632306632356434346663643533343238383465643866663232386131306433363234633031
37666663656439326330353831663663383731333136613032616534623337383430623066633034
37616134633864383838383462306435383364393630663338653538666137363533303166376339
63636632393736666632616131663661376535646138306138346465323139306638346264303761
61336461646631333865363863653062393664306238343164323238313961643536613330386433
31333737356235666362383031333939346364333066306235303964613764653537653165396338
63666538326432663966623739613339346639306338343730313634663435343161343636623332
32663133316137316534343637313233653133303666343064643735346664333437646333333036
64313837623539383664623866643563636563343936663230323362366364333662353432353939
64306532656439313833306365303461333234376134323134376339346463633764336239626264
31393130316336346662353564653165333965333766653462623339303664366633393632613139
65396366316634373262353837316166326635393065636563323430666334303939373238623864
64643938633333383237653239353237326165633362386631373964386461316664646236613437
62306266343731613939336630353632313230643238333137353035616337343065653834313966
32613433303035303461356435373766653162366235656361363131373464336239383962343239
33303437373633396538333164633733396463313535316264626232396538363764396137396365
30643334613661393333356433396461393165353366613761653936366639346632613138326333
33663039386265613636303231333936356261326630356334366238336363386461666262313261
33366631376164626234383063656262623634383561313235313132313266393661363565323639
39333837336263613166623265323566643939663030383065336139613366643236653034386136
64383738633436626466366630383966366263623630343362633635323738663365346131613730
34333266663339643463646438346132376237343261313437376536373630323933353161646663
36386533646131656163643165333362333564333734363133623835353636653163643136303034
31333932623031623931633231653563376439373137333063386463626132376263373438313230
65333964623234623235633636376461343531333332363139613030663930643737313464383730
34653734643330303938313336343534363934316366306230313861333065643237633432313564
35366361363964626364663431656334373936633639356538363233346165653262346438343533
64393537646463353136346439373263353233363230386531333665636630326133653661653433
30316266633535626631653736663537633366376363396261316664663761323230353631363233
62373038303531373037383162306261663332303232353064613537323565306530636666323733
61383637323366376665396663343561623339363737633836373331336163633662633136363531
64613363353834666461366461353235643439343534383263316533376439663139623264633632
36333566343833336537356466386339643331353039646230646361633061326564666639636330
62373964316130383466373236333166663034613430666636376563363734393466383437396635
61383633313133663566623136623830303466333736656130643935363938613866333565656539
39353938613737393639646634623061346634343737623737646132303164393638326433663135
36613139376266303630396231633461333433663037373832316131653963313830643265306464
61356235376365653966393734646639366132366434386636383434636632343731393262336530
65643232633165303739326564393839343335613564366261653161363537663437323566313438
39636464306365636664346265336662363737303139343130653234353536363564366661346665
36633430353235363734313162393164303937386431306134343139366563316335356530613430
66643834383436376332623838393838373265626135303230396564393161653365333738646433
30333531376161343839363665396139353037636162613835656632323634343738323239623930
62306538393434616534386530646165353362663861626639313763393064373339646665326635
31396364613962653466396332326338643630373935633338626433353532383439333965373138
39376637313630636339663632336437653962643633643162336232393239353034393930343732
39333536346633373038326235393035363436313464373461633036633434373434633331303636
33393365373262316364633230623961643436376665373132383666333962326132656565333639
39343337616436623862376337613862653639613531363732393038656632356638623763336138
33616438633762653733323830656262303531363138623430393538643739316335393362626564
37613035653332633662613963616538643938636261326164656362663032396334626632333033
64313733623264616661303063383431623930396539386664643237326436343131313234623866
32623562663761356261353633376532336131393634633266343532633365666636643435336335
65363637633439323763306164613338373936623939393065636366663837363762366364336338
32353736373839663366623333656263616334323432666133326637353338623231653736653939
63393065313334383439383161326566306334326166383137383032356234363439653632383863
35313036303834363934316432353731343161313762363363373763623636376134303563633636
62306264656239643863303862666666366531653664353562323262353333626132346165303565
35356136336566613530653931623466383035393339303334323036643036636238383530623531
62363034653533373138633533306433613761353437643730343663616335656239363739363362
61313937656366323838323634666530363866656166326534633131616237363235633939346464
38303433383734376664343166323033383032633264633866373332653064613261633236363665
66313033623566666539313431383838326331636632323164306237636235653536316537373761
38323338393439366138336335316161663537653538313038376233623237326131383938343138
63653365653738373330313764613634363032626134643234633530653236393461313634313231
65643061366439393031633961666336386131373832393164373036353865663363343165396632
62616563366334613438396263623737366136343238343937623866393139323236306562323834
30353335306635303665356232303461373737633636373434346164316162633632326364633638
61346635316430386265336464383033663538396632333937663065316466333430383339383130
34636337343034383662366231646531346134613731393338353639326332306637376263366632
62663933303063316638633431316333656231363937353237666631346366333665326130346538
38353936653265353331323461373236643634326438616532333636396532643165363833313136
36353838653439333635326538366431316233633864343562373735656332353162646435633461
33613565663063313665653232626434663262623665333164386334653665363937616131383538
35666330666563323261666339623836303830653732633136356632353962313036666134353162
30343837326434633230303731633538373531383235646232383935346663616264663734333734
31336163353430656162383661656335643166623163376439343537613730663661356630306265
33613131653463663338326466306638646137376636633461313135653634636637633861333065
32386139663763636334303537303466636432346639613838623166343134383639663938396236
38643761643963396539653539643766656432623930616263663939656534663634303437316665
64333466643964663632383439343364313466663131653831383532646138383835333862313838
64656462343366363637633933383961386533656638636630393232663365326431643434313932
64653036373839633963373331353633373763333061643036383431303035636363636263363762
66376636396131303935343466623338346532313936616332653331303263383438646265363636
30393030323566316535623038333431363765373062613237656466623336373965333639383431
36636335326639323339653830396130653239383162643366633663653338663838623565663338
35643732663433303865396434383939666139386463386431656336613236306538326561383531
37323036626463383230366632323364323965366537663465393030376234346366326364323935
36393033326532663965366538636138363632393864396662626361386362343835313731323834
36386336313435386237666133343039323232393736633935643738333361353363666530653635
30366562643438396133313463383966303863343662663464653630366164316561363432393534
35613139356434306535316234333135616166333665353231306363643237386663633832326463
39316562383330303632373265353165396130663435373066393962633865376464373534633262
30653361333065343066303134393232363933313461373539376664656162383462353864633134
36393635393931396363316337373237323063353264353665396531633865366663393431623135
32326166386535373637646366376637376238376337343361326231626662303039303334656634
35343465323064383165623965646431386534313863646434313732326533636430643762336262
34316362343334333531656233666634663561663932303031303733373635313633336436313131
39353930383463343237623762623335303538333335373833623335313234663534306434363539
30313564666437303836353064613033623065366363323562613632666439383739623164356232
39663935386336333739616535323636363866376461383461303236323536623335353230346339
36313366336232643533346238646634656533383432343366653033373164383434323130663638
39656135663864363566633237383639313563653731623764656565353264373262303139376436
30666661383161373837643732643930363634396530356566633639316164386465303166633061
39643431393439396366396662313931316239303563333332323061336561396139366363393832
31373330636537366131643934663535643035653031316462333839363562326362306561326133
31313338333035663730313565656531363562643238343332653761646634333533633238633261
38653564636232643934373664626266663262636365306265626239366666326231653065363761
35653761393039636235366339326634633232633337323461313965323065646430323930336161
65303635633261363764353562396237343335613430333863633039333231356663393838323662
34373834393831336637393065313261646133323762313264323964643364313132333631346363
39643962313363396335393837653238333063313463326431306564653430646633383330626434
64313636323433653163323063373065666131333438363332396638623465323432633735656166
61396533623865383834353362323863666631646334336137303465623032356536343534626662
66623530326333336337633561613762623865653131356430663335663365386662643061623033
36353063366564613637663037626364613861393030623039636365623837323330303234323435
39333363613038343837363365373962363263386161383533623664613433323466393965383531
62656363333232326461353562623861666539666561353065353261623637343434646364646336
38326635356330393863393638363130376165653163353234613636383637663365333738316236
37653033316334386135663862613234346639393763626137643634353237613237616166616661
38353061326665326261636463363430633236656333326332663564356137666535383466373330
63653665376463323630343166373538633634633965666236313662356237326162636438633465
34363662326439626131646339666265313631386563316665343831303466623534336334393732
33346364386638663464363765646362336662353466663733393666386661363163373561633931
63613537343930653162636664646634373332383336663839336162633137316531663632336435
63326664323038643162366464653531633330363239376465363935303232646462613864636466
39333962393432356265353234643235666530326133393635626461666336343231316261323937
36666535313037326664383564613936646337656563373935363365383836376638323939643239
32353238643166323736353336363661366136663131656235366437333034643131613564353932
37636463333538313039656133353434323336353965306462323833393935646130663731376431
36633133386565666536373531636631386465306663323763303565383230643334316437366233
62343465646634313430616462333332646630663031323939633630633162343932643334656433
64373233313136653861656638306663633738633161313431366639393066303735383131316163
30396362313933303337353937303336313138613635613662326166313834333861616531363937
35646436366364386461383339653331643862326336353265626362386638316336323432613564
66313636306664316536383939326339383763316334333237306336303236343331386135356261
30653933653966363335333934373864313038666461373366366136373837363635383034633637
32636137396463353162336430656234346333656136396539366663656233633464383665373837
38363235326436313966666133323138656664346533373266643965386132623161343763636366
62393739346330653230396437353563333232306532383766633131356465613232393532356438
33336464656434376332363331646663633663366238383831633364643035616264346264613630
65316232333236373163633134613630363162363238306538343066666634316366383066356165
36616138393034306364303835326533663936336461313135363062613336396566663662323230
32633962386132646666633732356331613930303665316365666662393439643261636531616263
34383139373739633964353666633633613534393437626635386438643862656138656531303264
39643236633665623137653464323130343866316661656334613735613766643539663533613761
65393233343435623939343466333863626163373161313237383938303036303432623566393438
38366461366361313765313838656262643738653162366265633966396237353762316161623663
64323366343834383135323565303062646361393662313866363838623338343936383038343464
62623066396535313563356365326662646631356263656336386332386138313232396164323362
62333135616566333162633135313561313234653131333733346135613831653230383232336435
32396561613066353030343033306563613661653932623562356637353030316535333636383432
65623262346163373937356638633636633964366362616336666235396235373632303732303230
33613034323835316530376231386134343061376332373636383865653335653430356362363138
63326533336566396134346337353531383530306533663666343236363731336636363066626136
61613461663437323863393333643539363432616464313132326264613237626539653464346130
64646632386466313866653365383131663435376634626434633838313136653835643265346663
30386262363732373836313137626537626435353564626463393638323464303633313830383238
39343961633832343161353536396630363331316235393338643330363866326133393430323532
39316436313838393837656562643465616436373166323562633465616134316165356161383231
36323361636135316138373638396135323139386436363362326336376236313564643861636633
61376639326534636536646530626232393261356465643238643930653134373739303938656434
63373361326134623562356463653639393961346632653832383736623638313333653532323764
34623631386530623733336239303730383639653862623363613930663033613461303137633964
37386539393439383330396137653934333862383638336564326630333963303832663366666163
65633132643466323964633634366131363731303364633730303336626134626666323636663334
38323961663064323136316662323363306635303532396665363962313463633732356439333237
66373635306139626639303330333832386330656563646564656662386431386135643532626132
32393765316130386633646463633764323361613665623936343963303362386130373466366338
63643966313332656539356334653532363336343338613533306538643038623365396231656631
63633663353565646362643731303334393161653264316162313863393730663131376535373166
35343864356534653464323332316333353633623966613161333437663434373134616236343764
38623030323464643664396637376634363264316664663064393338353034633066316438376335
37306264303038343134633462643835653335396536653963353138626363353438656466326166
63363134373234623138613935313039626661383266613966353263653562393561393637363865
65393530396138343339666636346435316539653163383466653262383261336565616137343938
38316661653238303864376230333833303030303436393132616661343463343739666231346636
32313033646462623331393431373164396431356534376536323039383939376237653438386332
37316431306564656433666539343734303039656536356538653064633638353734646334396464
62366231326163646566323937313138313132316135303536396161666363643832396531393137
36393961363633303162633464356662633537656561363139346430386633336339633138663461
38613633393066373061306263323465643734323334333833313537356565316663613036613939
62636233373032383134323531336461613334663462383630633838333630623439386533656333
31663962653532633031653164613761393730623665616239383337336261613461313863346330
64653434323537326661616635613030616562666137303531306133646435373134613336376534
36313162383339353430613435333662343732396664386164366531383761303835616530626263
66376264383266313136643337616232333766336639383238613239643762363833316636396232
62653861353464306331333065323038626539616438653531343536316132353538333766396535
65663963363931666638636232623738643531353262643561323363356566653363663437353564
35626132306331323763386166623661623032613339346233326534636234346532633233373466
35643463656136623639323731343537623133613433306464643761653832306463346334343764
35363638343663396661396230363735303739366664323866373761303237633235303861666361
39363266366534623537393631643738303561376431376339623832623032663666616463303965
31663935333139646236336435323737353066366264643665383337316234613165323932653230
63663263373433313134376133366232616238643065623664353738353631646138353333333765
35353234333239383333623334346137613631323461636536383731323266663761333966356166
64353731386337366136303264616363376632663234633332613361306237386233646134623161
64653337643930386532393362623437363035626262356264663262643636326637633065626631
37616461393937373436316233306135383139653337353039363738396233643233306339613032
63303261313531363530346333383935303265383135363031623463383564663664343062666633
30343466346661346636306263326137613765303161636363383938613165633933323238376131
61653161383866383362373062353130633865393733343964613363666136643437336565663137
66393036383737343165356665366165343333306138303334636238363663383932313739323932
65313633383062393866306434643334643231313738383530396434343738373038353636363338
63303164313039623738383939353361326366666133333863303139653361386265656564366666
64316339313965343262313266633737343133373966323731373366636339656233653439616130
39313536373431306236333137613366663833653038666161613733326261616563653861396363
66613066656131353139626230393837396431626562343535616239343539623539663338626535
63643637323531663764636331366139316665316462326333653633313031313961373632396431
63336139376132326564643366666437643663303264346231373332303430623239613336396339
61613030323437313631346330363266663032376438646231343734643430636333363363633165
61396539663165353233623339613432313031353038666661383535356364613937323738316639
35343037666666613538343263636263646636633262383732303232643239636161623164656566
65623461333031613763356361343864353937643635333765393531343739343230386336313638
31303363626362353736333533323939383862613430623233353234653232366534613536343536
63376562346261313364353331653436373430313963303232643963646361363931303761326565
31656462313139663264333133366335636634363332346337613064376332336464623963366564
31336363633266326161333364613833666562383063653763326136383966636665633836656432
30326531386665656235306461613065336332663465386162383533316133353062313565386563
65346436373563393233313332623632613562653934626137376666346464363931653032613938
31383939353539343038643366346666643764303962653164643937336234326464613365656431
62373132646236356630343764316566393933643764343765356235613333666631623466313935
65356632616466323639356434643430623362663534396665303739336462653131306337653933
34656661353531666630326537383364346437656362343434343832613436386166663930356133
62666465313764383634386561626134353331626337646565343534633266306463613764366531
39643532353838393434633232643234376636303261653730646538306263373063653237316433
32343835613862613936353864306338643962336636636564336666633132613565376363613933
66343863376162353333656337353835643630636265396637353636303036626165626263633532
30623064613562616431306637346635653839303237333030396230633463353162316334623061
64626236336430393336373237633965336438326664393363613764623361643539326166376230
62653335623436646463343161653035636666303631376333666566333063316161663237326234
33626266343537623738373439303236636632643064383762616266616365363762656630643338
61656534653235383732353030303434616136306130393265623132623331383230383233313032
62663765323932636531316330653137666664336461663035393030663533326266393338383137
63323233633031323230636638656138306239366166396530626536326530383165656135663166
37366333383262366339316662396661353337626530353639343135656137663532623961356664
30383137316261336364643264323964623064336265636466663166396565646439336535643339
62316334393136386361333835306434613338643662333739623563373464613337356435666565
66366233303837643261633937353862386261663264356364323931633835613866313864353961
36396234653338663930323034636163383330663137623964633836623331383237313265326561
36656639343765646432353461656639623235363437613265616634633138333264653761393034
31346233396264626437363230346234633362383837346532393866666266383733373935636430
36393339383166653933313964623630666539613830616132663265313836626336663537653065
65366533373064383935373463396163386233613935393033346332366631383136373632653464
65363632343834626166366134633538656662366530303363373536373138343637383862303739
39353536326131646566663266306533353162383631613734373939363037313435383366396531
36306137373561316662653939616166653132613738663237623338633261356534643635336635
33336231323031666432653465663933306335396439373663633339373631333434333834643563
39386439623864393436666130366363643239313234323361653866376539663561376362393031
61393265643863316636643638306435363565363665393233376566336633663765346331633262
64376563333965666133396562333232313262383664346635366339613935363439393033386130
38313562356431343830356630663466363237636163663761666133376234383131633762313439
61626233363538616333323334363532306362666338323766383938653039366362356438646630
39643437656163366433616565356433616338333338623536306233373635626662393464326662
34666636623030323365353733656363376533306562346235336163396137376131623936386437
61303436306634646238346330376639393266303731633832336236316431316162356534623262
64383035363238393261323263373933356138346438333136306566373866356636663538376662
35353763626331393532373438363063633137316433353331323738636533383935313563383461
61643162333335353664623632366663633633353262326230303366623233313738353462643736
61393934656539383935363336366138616263353362376532383063353435343564376639616263
37646630333862613139313635393031666466656366383465616336353433363265363861653230
34613830653039313366323337613262333539666233336666663664323039346137656332373031
62613632363464306337626361636539323630343462343130363430366361666364396265386638
39663037666237386365303038303235616565613266663238366166303338373435326636613539
36336433663633616132323764376236346639386364333061373135363134363266643561383163
63363763356562333834386330333633373962396237663235643937333534326137306436626663
35393032366637303831373261343636623330343734386236643865666165353539393164313935
66303135393339376138326134323332643863666165306336623163623964366163363231356266
63313666666564336433353564316232623662363330643461663765333666616430666364373562
33353865373263303436313635623433303663343466643165323066393332623538626365306364
30366530613364306532626366383938623937353236376263396430636232393936373432653931
39303435386538666532346434666631373732346339393734393135613863613536613838313962
62623233633135623965303637343136346665323930323663363235356230633937626535666231
39373637383830333437343638393263303466363338666433383234653937646566303539383762
35363134343563633238376239323365613861643132663166316437373434343238333832663761
33376139383639653963393935323362396365336637393733623730333565623832313565646663
38356233656639373232343335656135656562653934353861643263623033313865646236353834
61316432616465373933646363613263373936373335633235613335333539306339613333663365
35646163353861386130356266633237336236356236343839663130666632333635323866326539
35316535376365653233353835653164666165636633323937333364303232643530323234323664
38616564323262353338353837326531343831323934663162646238653537663163643538626163
62633831363138613065383238393964666230376132333631633331373138396236323662663533
38346137303536313563386263653737323732316263646236333730633237303366393735373939
37356464303234666361383832326232393735343839633563636238626232663963313661373939
39323463646562353436626464623434306564626439613833316535626333656437393233613964
64656164666331376630363635383032313264363137633263323032333661393239396634643330
39613831613030373630663834326436333536396335616265366632623734393735373130306131
30386333333737333032386238343533646433393161633363623233353131643236323937383365
37633034643664633465613862666439643532623637623334313533323130663239393965653563
65363065306132326639313062376136373439346162626163393430343036613834633865353739
33633134613762353236313334303533636631303264373038643265373030336364383966623233
37623766376233363264356461363935396361643039373531386661666537656666363061643963
61376335646162666235343861393437353462613565663837383539636637316633326362383663
31363861323463373364353266373530616531376563366261333139333331646637393132613361
36613763323939636661316163326661333235626437626361636239653765636432333066613536
39323266333363323231653261623632623733323765316337656136366131393633343439646338
61333164633338643332326665343165303335636261633634316363393935663734336461376335
35356236396238313435613631313639623461663130346635333534343738663039366333663861
32353164303837386230306539393664306463613937376262643766393931316161383536623637
39613735336533356361373534343561333861656335303337663032363137363834666163626435
34363432613735636136356237366433333864323436656235313239626464393336313931356139
39303934303366633933616238353761323539303233633361653035366661326433383139376636
31316261633530393731623631303631363063636431383031326563356564346339383534656263
34653764656636313335613733636631626636306266316437333035366662306337396561646661
65383966616563313832323065316261323965383836343065653839363233613166333331653531
62393637656632323036353838386631616436353936623262373437383835646636633833646233
36616365316335313431313533333566313865636336306462363565616637353630376633303035
61336339613964383032633032636533356138653631346133323264363661393137616365353239
36653639656164613262383361646430356638623235623830363930333563356330653736643064
65646232656661653932343730396566616138313234323830343839633037346231613632393662
33666531303866643666333531616663656266353630396438353333663363396130356338393538
63306639373135393738313335643238653539356266373335633537373663363064386431303337
30316465663434353132623332666162343766363530613364383134623533646636626138326162
34313062343061663366383530376561656431663739363062633433383934373537303433316338
32653165656536303263313134336333343166313432653237366262303962626630303637636363
32373338313363343431613039623636323437633066333864636163363166383065643331373964
33626234656638363632623836353234646334323536386333643463623261663962653634356137
66333834373266306634303566333030316362613537643264616135326533393938613331613735
34666437646266303031616437333538353539376536643962643864383339363736376332393336
32313932326434616365643064613736613936353532646262653834383637336239306537346633
31663937306565633862613631663433303263376539663336316534646165636639633431393966
66393062633738393938393135326133656662623163393963356432356137383339663164323036
38303434613430303532313334386630363265626539636234666165643332383961336431313133
36313361616366386664313064633130613761393338643463653136663665373264643534623333
36376562336639376364393530363332316533646661373962636538383165613064343038383065
31646433363964396434393966343830316361333633353639373862633433623639306365393338
61633836363263633831343166383037356631643630623732383565303832636534623833376565
39386436316362383835626433303663386135653532396431656231616237373939376663353935
37636334396132316664636562343761303937616434353836616265633435313735376165636232
37353564353438326336363434626332353864343233336630623139343763333031626264393465
62313630353438383933636163376164376161613861373438613330353131633338373937306635
66653230336631623363376338323934376432373665636635623566313539343231363763363839
30386138323263613437376235303266383532383463316639633437653035356138386262326130
33356637613034373730363033656239333231366532363532316165663561613231646238303739
31653337643233396461663361656661306430343266646533663338653063303938323536336165
63646230376139303131393031313765633434303464376238643564393330666231363135666261
35343761396564303263303334363531666239306236326137636463356466346431366430653839
38333836653162303835326562343430323434313261666234613639633966666339393064643664
34643939333633313234393262663061303163346430363534633263353537323934323435303532
30663930366562616661353137313263366136646430373637376632303664383137616637383439
62623338656637633063656338313139626134336332663039303339343461346432613738303665
31313761663036373666643635303539343435616336336237373864396638386135356163306161
39623562333830633864323631613336343532326365363333353562363436656638306362376434
37633735383239306430633462363364663762383633373463333732393831643965366230373433
35356466623561383537643238356233643237666133633464373139393132363834313862656631
33623165323038616361663731343936643566363238303237643539376532363231303666366137
30336630616236333135373839663135316463303633323839343039393263313736623032396161
33333361396466343631663335616237346231363235303638336264326464353635353661376639
32363934636137623164643738653536373065323336643937386465663238386432613863313865
35363230343765383631663064396335613831663634386561323735343265396639323736316631
39303139326263663661396461396532656663336530656230656437313435613936646238656265
35366236646232333733393665373636356239343935343461336131393538353634343866333331
37356364373263366633633662343338636638313932333731653733653636376335323238633466
63616563666238343466646261306136303363326237383265353636373763613365396132353766
33366532326634636465653039626138353064343262373830326461343762323263373837376461
61323166386665383862633935646132333965643133336364373036396339653133306530643462
65376666363435383630633337366438363134343531613633383236613365313033323465663366
31373030623833626236653263393636663164393631396564333534366363633666366630323133
30326366393230343466366139383934646538323663666532373531353439626433333231303566
33333461333365306564356436316337323863656230383263663530323235333463316434313530
62376332626439633735353661386633653165373461646130663361613238613636396331303633
61373063636439383966666661353036356538383739656437326133373937653966393432613036
38643638613535363636616432306531373833366163386535663764363133323536613562313533
32306335353964366465653064393333643332376438353234303433383439643964633663396235
32663564356535366239356666316536623130383139646662636662333132643033643630643533
35663065366466626639316535326362336162356134353333623965353433623332346237663562
39386263313365333734343461646435623261373366353335646365376336333939656164383961
35613733656638643730383435633438623162396363333162383131636233376566663734303766
33313738393837363666386333303635386162343565353639643163633065323132653061663836
35623636333730343031346432313434633434326661646362636463333164376131353737643035
65386565323833616539626632393364643664643664343462346438373830623937386661663030
36333065326364643466626266656130656663383236633739323037326164653436386665336333
63666234306438336437643261636662326361393632646632306533633732306535383465373536
66663037653463373266393635613230343835326233333831656165383431666636356433666233
34363731666666643566373337343566346235316166383732623639316131363634396138333761
31396535633130356665393932333237343037643764643666343832663065616636366537626131
37346566303736616261663462343639643338343337653264613737343866626633616535316135
32613561363062326666393135333634363231663331663664616634656336633137316331626161
35323535643435646564616663616562326263326630663239663633366463323132356335376263
64326532323831353661663335363865393762636362343238613934613063656133303434663466
39613261663530316462393462373065333735323662306534393731303533653430346632653034
31386630343138613038313532333336656562373561303932363330633563663634326364313636
31303533316538313463636464366232616266653837373339396561613334633763343734303363
32306535623935373163643637343036666237336231333833343064316539376634366639366638
39366566363862653066353465393330323434303337393234346662303435356433653862326266
61376664643563643764386231346163353632383265383639373063653330643232323261616437
39313231373037386338616562626462616630376532373236613431656634363764323764383065
38633635373665666562633561376530373466336236303466666339336138303731626235613036
65643638376266313430613130343865313838393065626266326566366136613034613937663461
36306530643263656436356235376537376537666531343365316638346231333433363063356234
32383637636561323234633136653333373463303637646639653231343031353666613733633131
38303965363761663665313865633133333434636433396132323361656537316435323831306137
34653933663733316231333838646139316230303030316664353661616335326331626139333337
38343062666338303034666534666439363163383363313037366562343730323334363761643764
37626666383565376631383366633964363762393162636536663231623962393161653635663833
30626562613632306234373033343535376336333431393566313363653232326565313633613935
32623339663632663737353535643437633438656562393936333133653532343838343261366631
30393263613639363064633238653235326539653064633132303230306631396633376134646237
30323863336461363236656533633635376630376530316366343861626434646563303764643533
32623536396138646633666134366234343633636232623932633765613662633635653837323965
36643662326432373330356536323730333938383464623462306238313265646634326538386331
64623035353435346263376165333239393439396166323239353134623565633363313535346536
39623861613961373333623033353664616464366532366464656232356637636630353963636531
34353164616532333831363231646464356338316639366531376338343830383734343031663237
30363536373633373861666435323961636433386162653234313738633433343239343435623363
35663239656663343635373335363733303366663164386438613562363264363664393332663233
36666665313066333431643366373935333438353566666466336161653033653036653134316261
34613164646266306631356664356165653363343333653037313832376666383164316531383532
32306538383337656232356431333366383538316534376338393230306266653030333231306435
62373963383061346466313237303861366566373030653165363330643364303061326461313438
32343031623765303464363461313438373839646164363365613939333936333431356639626238
31643133323131313533333031303564326430343830653364303262653031323239363130363537
37346134336636653837306335636265613130306636663237323662333235666632393463376633
63343932323163623337306637333835613666623461336438613263656266633631306635353331
63646364386535393232336239623766393664366133633635326461346438626336653433623030
63333432663366326233633963376631323132303061656132396537626231623739363332306533
37326562313032336235663337636661623363316236363466323030303835366231386462356566
38393966666432643934663761613464323730636362333438393565643633656364613365623861
31663065623337343565623539653262313561643636336634306439346534383563626534323137
39306562326662313337363834343834376664366131386561353330363130373833613761336364
64383465396130303839623566393839366663316462306231303936616139306564613332333461
3066
